camera_matrix:
  cols: 3
  data: [332.05405397067045, 0.0, 287.4774612066346, 0.0, 331.0627567582488, 215.4374708197428,
    0.0, 0.0, 1.0]
  rows: 3
camera_name: duplo/camera_node
distortion_coefficients:
  cols: 5
  data: [-0.28033645673528446, 0.05944483539170539, 0.0020802687330737516, 0.000980235768276363,
    0.0]
  rows: 1
distortion_model: plumb_bob
image_height: 480
image_width: 640
projection_matrix:
  cols: 4
  data: [236.06179809570312, 0.0, 285.9577561946535, 0.0, 0.0, 266.81768798828125,
    204.61742837065322, 0.0, 0.0, 0.0, 1.0, 0.0]
  rows: 3
rectification_matrix:
  cols: 3
  data: [1.0, 0.0, 0.0, 0.0, 1.0, 0.0, 0.0, 0.0, 1.0]
  rows: 3
